# This file contains preliminary data from the ATLAS collaboration corresponding to Figure 01a of the public note ATL-PHYS-PUB-2018-043.
# 
# Title: Extrapolation of $E_{\rm T}^{miss}$+ jet search results to an integrated luminosity of 300 fb$^{-1}$ and 3000 fb$^{-1}$
# Reference: ATL-PHYS-PUB-2018-043
# Link: https://atlas.web.cern.ch/Atlas/GROUPS/PHYSICS/PUBNOTES/ATL-PHYS-PUB-2018-043/
#
# Caption: Expected $95\%$ CL excluded regions on the $(\mDM,\mMed)$ mass plane for the axial-vector simplified model with couplings $g_{\chi} = 1$  and $g_q = 0.25$, for a luminosity of 3000 fb$^{-1}$. Three contours are shown in each plot, corresponding to the three different systematic uncertainty scenarios: standard (black), reduced by a factor 2 (red) and 4 (green). More details in the text.
#
#
# The ATLAS collaboration releases these data for the purpose of preliminary studies. 
# ATLAS recommends not to use these preliminary data for publications. 
#
# med_mass : mediator mass in GeV
# dm_mass : dark matter particle mass in GeV
# xsec: theory cross-section of the signal in fb used in the definition of the signal strength
# exp_lim : expected limit on the signal strength
# exp_lim_0p5sys : expected limit on the signal strength with nominal systematic uncertainties reduced by a factor 2
# exp_lim_0p25sys : expected limit on the signal strength with nominal systematic uncertainties reduced by a factor 4

med_mass [GeV],	dm_mass [GeV],	xsec [fb],	exp_lim,	exp_lim_0p5sys,	exp_lim_0p25sys
10,		1,		1.09E+06,	4.37E-03,	3.12E-03,	2.16E-03
10,		10,		1.74E+04,	1.16E-01,	7.33E-02,	4.48E-02
10,		100,		4.72E+02,	4.20E-01,	2.77E-01,	1.92E-01
10,		200,		7.06E+01,	1.09E+00,	7.69E-01,	5.51E-01
10,		500,		2.49E+00,	9.42E+00,	7.14E+00,	5.64E+00
10,		1000,		6.85E-02,	1.81E+02,	1.43E+02,	1.18E+02
50,		1,		3.67E+05,	8.00E-03,	5.05E-03,	3.24E-03
50,		10,		3.23E+05,	9.08E-03,	5.73E-03,	3.68E-03
50,		100,		4.92E+02,	4.00E-01,	2.64E-01,	1.82E-01
200,		1,		4.90E+03,	1.04E-02,	6.19E-03,	3.97E-03
200,		10,		8.37E+04,	1.05E-02,	6.24E-03,	4.00E-03
200,		50,		8.30E+04,	1.32E-02,	7.82E-03,	5.02E-03
200,		95,		6.62E+04,	1.22E-01,	7.25E-02,	4.65E-02
200,		105,		7.14E+03,	2.22E-01,	1.46E-01,	9.99E-02
200,		150,		1.28E+03,	5.09E-01,	3.46E-01,	2.43E-01
300,		1,		2.44E+02,	1.04E-02,	6.32E-03,	4.26E-03
300,		10,		3.89E+04,	1.04E-02,	6.34E-03,	4.28E-03
300,		50,		3.87E+04,	1.14E-02,	6.95E-03,	4.69E-03
300,		100,		3.54E+04,	1.75E-02,	1.07E-02,	7.19E-03
300,		145,		2.30E+04,	1.83E-01,	1.12E-01,	7.53E-02
300,		155,		2.20E+03,	3.07E-01,	2.02E-01,	1.40E-01
300,		200,		5.73E+02,	7.57E-01,	5.12E-01,	3.59E-01
400,		1,		1.25E+02,	1.15E-02,	7.24E-03,	4.96E-03
400,		10,		1.98E+04,	1.15E-02,	7.23E-03,	4.95E-03
400,		50,		1.99E+04,	1.21E-02,	7.63E-03,	5.22E-03
400,		100,		1.88E+04,	1.46E-02,	9.21E-03,	6.31E-03
400,		150,		1.56E+04,	2.53E-02,	1.59E-02,	1.09E-02
400,		195,		9.01E+03,	2.61E-01,	1.64E-01,	1.13E-01
400,		205,		8.73E+02,	3.78E-01,	2.66E-01,	1.89E-01
400,		250,		2.92E+02,	9.68E-01,	6.86E-01,	4.94E-01
500,		1,		7.11E+01,	1.43E-02,	9.23E-03,	6.34E-03
500,		10,		1.10E+04,	1.43E-02,	9.27E-03,	6.37E-03
500,		50,		1.10E+04,	1.48E-02,	9.56E-03,	6.57E-03
500,		100,		1.06E+04,	1.66E-02,	1.07E-02,	7.36E-03
500,		150,		9.49E+03,	1.85E-03,	1.20E-03,	8.22E-04
500,		200,		8.49E+04,	4.03E-02,	2.61E-02,	1.79E-02
500,		245,		3.90E+03,	3.87E-01,	2.50E-01,	1.72E-01
500,		255,		4.06E+02,	5.42E-01,	3.76E-01,	2.64E-01
500,		300,		1.63E+02,	1.28E+00,	9.06E-01,	6.67E-01
500,		350,		4.31E+01,	2.36E+00,	1.73E+00,	1.31E+00
700,		1,		1.87E+01,	2.28E-02,	1.49E-02,	1.03E-02
700,		10,		4.12E+03,	2.28E-02,	1.48E-02,	1.03E-02
700,		50,		4.13E+03,	2.33E-02,	1.52E-02,	1.06E-02
700,		100,		4.04E+03,	2.47E-02,	1.61E-02,	1.12E-02
700,		150,		3.80E+03,	2.75E-02,	1.79E-02,	1.25E-02
700,		200,		3.42E+03,	3.30E-02,	2.15E-02,	1.50E-02
700,		250,		2.84E+03,	4.62E-02,	3.01E-02,	2.10E-02
700,		300,		2.03E+03,	9.62E-02,	6.27E-02,	4.36E-02
700,		345,		9.77E+02,	7.77E-01,	5.06E-01,	3.52E-01
700,		355,		1.21E+02,	8.60E-01,	6.14E-01,	4.56E-01
700,		400,		6.08E+01,	2.09E+00,	1.52E+00,	1.15E+00
700,		500,		1.82E+01,	5.97E+00,	4.46E+00,	3.47E+00
850,		300,		4.49E+00,	4.65E-02,	3.20E-02,	2.34E-02
850,		350,		1.10E+03,	1.43E-01,	9.35E-02,	6.51E-02
850,		400,		6.55E+02,	5.01E-01,	3.27E-01,	2.27E-01
1000,		1,		1.87E+02,	4.01E-02,	2.76E-02,	2.02E-02
1000,		10,		1.28E+03,	4.02E-02,	2.77E-02,	2.03E-02
1000,		50,		1.28E+03,	4.05E-02,	2.79E-02,	2.04E-02
1000,		100,		1.27E+03,	4.17E-02,	2.87E-02,	2.10E-02
1000,		150,		1.23E+03,	4.43E-02,	3.05E-02,	2.23E-02
1000,		200,		1.16E+03,	4.77E-02,	3.28E-02,	2.40E-02
1000,		250,		1.08E+03,	5.32E-02,	3.66E-02,	2.68E-02
1000,		300,		9.65E+02,	6.25E-02,	4.30E-02,	3.15E-02
1000,		350,		8.22E+02,	7.99E-02,	5.50E-02,	4.03E-02
1000,		400,		6.43E+02,	1.20E-01,	8.29E-02,	6.07E-02
1000,		450,		4.27E+02,	2.68E-01,	1.84E-01,	1.35E-01
1000,		495,		1.92E+02,	1.68E+00,	1.16E+00,	8.48E-01
1000,		505,		3.05E+01,	1.84E+00,	1.34E+00,	1.03E+00
1000,		600,		1.82E+01,	7.95E+00,	5.98E+00,	4.69E+00
1100,		450,		2.95E+00,	1.85E-01,	1.28E-01,	9.34E-02
1200,		1,		2.77E+02,	5.65E-02,	3.99E-02,	3.03E-02
1200,		10,		6.61E+02,	5.67E-02,	4.00E-02,	3.04E-02
1200,		50,		6.60E+02,	5.73E-02,	4.05E-02,	3.07E-02
1200,		100,		6.53E+02,	5.86E-02,	4.14E-02,	3.14E-02
1200,		150,		6.38E+02,	6.09E-02,	4.30E-02,	3.27E-02
1200,		200,		6.14E+02,	6.36E-02,	4.50E-02,	3.41E-02
1200,		250,		5.87E+02,	6.87E-02,	4.85E-02,	3.68E-02
1200,		300,		5.45E+02,	7.54E-02,	5.32E-02,	4.04E-02
1200,		350,		4.96E+02,	8.67E-02,	6.12E-02,	4.65E-02
1200,		400,		4.31E+02,	1.04E-01,	7.32E-02,	5.56E-02
1200,		450,		3.61E+02,	1.36E-01,	9.59E-02,	7.28E-02
1200,		500,		2.75E+02,	2.12E-01,	1.49E-01,	1.14E-01
1200,		595,		1.77E+02,	2.65E+00,	1.87E+00,	1.42E+00
1200,		605,		1.41E+01,	2.90E+00,	2.17E+00,	1.69E+00
1200,		750,		9.05E+00,	1.88E+01,	1.45E+01,	1.17E+01
1200,		1000,		9.08E-01,	1.18E+02,	9.24E+01,	7.57E+01
1350,		500,		1.11E-01,	2.10E-01,	1.48E-01,	1.13E-01
1350,		600,		1.78E+02,	7.42E-01,	5.11E-01,	3.74E-01
1500,		1,		6.92E+01,	1.05E-01,	7.51E-02,	5.76E-02
1500,		10,		2.73E+02,	1.06E-01,	7.53E-02,	5.78E-02
1500,		50,		2.73E+02,	1.05E-01,	7.51E-02,	5.77E-02
1500,		100,		2.67E+02,	1.08E-01,	7.68E-02,	5.90E-02
1500,		150,		2.59E+02,	1.11E-01,	7.90E-02,	6.06E-02
1500,		200,		2.51E+02,	1.15E-01,	8.17E-02,	6.27E-02
1500,		250,		2.39E+02,	1.20E-01,	8.59E-02,	6.59E-02
1500,		300,		2.26E+02,	1.27E-01,	9.08E-02,	6.97E-02
1500,		350,		2.11E+02,	1.36E-01,	9.72E-02,	7.47E-02
1500,		400,		1.92E+02,	1.49E-01,	1.07E-01,	8.19E-02
1500,		450,		1.71E+02,	1.68E-01,	1.20E-01,	9.23E-02
1500,		500,		1.46E+02,	1.96E-01,	1.40E-01,	1.07E-01
1500,		600,		8.78E+01,	3.27E-01,	2.33E-01,	1.79E-01
1500,		650,		5.50E+01,	5.22E-01,	3.72E-01,	2.86E-01
1500,		700,		2.39E+01,	1.20E+00,	8.58E-01,	6.59E-01
1500,		745,		5.08E+00,	5.65E+00,	4.03E+00,	3.10E+00
1500,		755,		3.49E+00,	5.86E+00,	4.46E+00,	3.53E+00
1750,		1,		1.40E+02,	1.75E-01,	1.26E-01,	9.74E-02
1750,		10,		1.40E+02,	1.75E-01,	1.26E-01,	9.76E-02
1750,		50,		1.39E+02,	1.75E-01,	1.26E-01,	9.78E-02
1750,		100,		1.38E+02,	1.78E-01,	1.28E-01,	9.91E-02
1750,		150,		1.34E+02,	1.83E-01,	1.31E-01,	1.02E-01
1750,		200,		1.30E+02,	1.88E-01,	1.35E-01,	1.05E-01
1750,		250,		1.26E+02,	1.94E-01,	1.40E-01,	1.08E-01
1750,		300,		1.21E+02,	2.02E-01,	1.45E-01,	1.13E-01
1750,		350,		1.16E+02,	2.11E-01,	1.52E-01,	1.18E-01
1750,		400,		1.08E+02,	2.27E-01,	1.63E-01,	1.26E-01
1750,		450,		1.00E+02,	2.44E-01,	1.76E-01,	1.36E-01
1750,		500,		9.11E+01,	2.68E-01,	1.93E-01,	1.50E-01
1750,		600,		6.98E+01,	3.50E-01,	2.52E-01,	1.95E-01
1750,		650,		5.86E+01,	4.17E-01,	3.00E-01,	2.33E-01
1750,		700,		4.50E+01,	5.42E-01,	3.90E-01,	3.03E-01
1750,		750,		2.98E+01,	8.20E-01,	5.90E-01,	4.57E-01
1750,		1000,		2.62E-01,	5.36E+01,	4.16E+01,	3.37E+01
2000,		1,		7.51E+01,	2.68E-01,	1.96E-01,	1.55E-01
2000,		10,		7.52E+01,	2.68E-01,	1.96E-01,	1.55E-01
2000,		50,		7.44E+01,	2.71E-01,	1.98E-01,	1.57E-01
2000,		100,		7.38E+01,	2.73E-01,	2.00E-01,	1.58E-01
2000,		150,		7.22E+01,	2.79E-01,	2.04E-01,	1.61E-01
2000,		200,		7.05E+01,	2.86E-01,	2.09E-01,	1.65E-01
2000,		250,		6.85E+01,	2.94E-01,	2.15E-01,	1.70E-01
2000,		300,		6.61E+01,	3.04E-01,	2.23E-01,	1.76E-01
2000,		350,		6.35E+01,	3.17E-01,	2.32E-01,	1.83E-01
2000,		400,		6.05E+01,	3.33E-01,	2.44E-01,	1.92E-01
2000,		450,		5.72E+01,	3.52E-01,	2.58E-01,	2.04E-01
2000,		500,		5.40E+01,	3.73E-01,	2.73E-01,	2.16E-01
2000,		600,		4.54E+01,	4.43E-01,	3.24E-01,	2.56E-01
2000,		750,		2.94E+01,	6.84E-01,	5.01E-01,	3.96E-01
2000,		900,		1.02E+01,	1.97E+00,	1.45E+00,	1.14E+00
2000,		995,		1.16E+00,	1.74E+01,	1.27E+01,	1.01E+01
2000,		1005,		8.44E-01,	1.90E+01,	1.41E+01,	1.13E+01
2250,		1,		4.17E+01,	4.32E-01,	3.18E-01,	2.54E-01
2250,		10,		4.16E+01,	4.32E-01,	3.18E-01,	2.54E-01
2250,		50,		4.13E+01,	4.35E-01,	3.21E-01,	2.56E-01
2250,		100,		4.08E+01,	4.41E-01,	3.25E-01,	2.59E-01
2250,		150,		4.01E+01,	4.49E-01,	3.31E-01,	2.64E-01
2250,		200,		3.92E+01,	4.59E-01,	3.38E-01,	2.70E-01
2250,		250,		3.83E+01,	4.70E-01,	3.47E-01,	2.77E-01
2250,		300,		3.71E+01,	4.85E-01,	3.58E-01,	2.86E-01
2250,		350,		3.59E+01,	5.01E-01,	3.69E-01,	2.95E-01
2250,		400,		3.47E+01,	5.19E-01,	3.83E-01,	3.05E-01
2250,		450,		3.32E+01,	5.42E-01,	4.00E-01,	3.19E-01
2250,		500,		3.14E+01,	5.72E-01,	4.22E-01,	3.37E-01
2250,		600,		2.78E+01,	6.47E-01,	4.77E-01,	3.81E-01
2250,		750,		2.10E+01,	8.57E-01,	6.32E-01,	5.04E-01
2250,		900,		1.23E+01,	1.46E+00,	1.07E+00,	8.58E-01
2250,		1000,		6.17E+00,	2.92E+00,	2.15E+00,	1.72E+00
2250,		1100,		1.10E+00,	1.63E+01,	1.20E+01,	9.59E+00
2750,		1,		1.39E+01,	1.12E+00,	8.32E-01,	6.69E-01
2750,		10,		1.38E+01,	1.13E+00,	8.40E-01,	6.75E-01
2750,		50,		1.37E+01,	1.13E+00,	8.43E-01,	6.77E-01
2750,		100,		1.36E+01,	1.14E+00,	8.51E-01,	6.84E-01
2750,		150,		1.33E+01,	1.16E+00,	8.67E-01,	6.97E-01
2750,		200,		1.31E+01,	1.19E+00,	8.84E-01,	7.10E-01
2750,		250,		1.27E+01,	1.22E+00,	9.07E-01,	7.29E-01
2750,		300,		1.24E+01,	1.25E+00,	9.33E-01,	7.50E-01
2750,		350,		1.21E+01,	1.28E+00,	9.57E-01,	7.69E-01
2750,		400,		1.18E+01,	1.32E+00,	9.84E-01,	7.91E-01
2750,		450,		1.14E+01,	1.36E+00,	1.02E+00,	8.17E-01
2750,		500,		1.09E+01,	1.42E+00,	1.06E+00,	8.51E-01
2750,		600,		1.02E+01,	1.53E+00,	1.14E+00,	9.15E-01
2750,		750,		8.61E+00,	1.80E+00,	1.34E+00,	1.08E+00
2750,		900,		6.96E+00,	2.23E+00,	1.66E+00,	1.34E+00
2750,		1000,		5.45E+00,	2.85E+00,	2.12E+00,	1.71E+00
2750,		1100,		3.88E+00,	4.00E+00,	2.98E+00,	2.39E+00
2750,		1200,		2.24E+00,	6.92E+00,	5.16E+00,	4.14E+00
3500,		1,		3.44E+00,	3.86E+00,	2.89E+00,	2.33E+00
3500,		10,		3.15E+00,	4.22E+00,	3.15E+00,	2.55E+00
3500,		50,		3.11E+00,	4.27E+00,	3.19E+00,	2.58E+00
3500,		100,		3.06E+00,	4.34E+00,	3.24E+00,	2.63E+00
3500,		150,		2.97E+00,	4.47E+00,	3.34E+00,	2.70E+00
3500,		200,		2.90E+00,	4.57E+00,	3.42E+00,	2.76E+00
3500,		250,		2.82E+00,	4.71E+00,	3.52E+00,	2.85E+00
3500,		300,		2.74E+00,	4.85E+00,	3.62E+00,	2.93E+00
3500,		350,		2.65E+00,	5.02E+00,	3.75E+00,	3.03E+00
3500,		400,		2.60E+00,	5.11E+00,	3.82E+00,	3.09E+00
3500,		450,		2.50E+00,	5.31E+00,	3.96E+00,	3.21E+00
3500,		500,		2.43E+00,	5.46E+00,	4.08E+00,	3.30E+00
3500,		600,		2.28E+00,	5.83E+00,	4.35E+00,	3.52E+00
3500,		750,		2.04E+00,	6.51E+00,	4.86E+00,	3.93E+00
3500,		1000,		1.62E+00,	8.17E+00,	6.10E+00,	4.94E+00
4500,		10,		5.83E-01,	2.25E+01,	1.71E+01,	1.41E+01
4500,		50,		5.75E-01,	2.28E+01,	1.73E+01,	1.43E+01
4500,		100,		5.55E-01,	2.36E+01,	1.80E+01,	1.48E+01
4500,		150,		5.28E-01,	2.48E+01,	1.89E+01,	1.55E+01
4500,		200,		5.07E-01,	2.58E+01,	1.97E+01,	1.62E+01
4500,		250,		4.83E-01,	2.71E+01,	2.06E+01,	1.70E+01
4500,		300,		4.63E-01,	2.82E+01,	2.15E+01,	1.77E+01
4500,		350,		4.43E-01,	2.95E+01,	2.25E+01,	1.85E+01
4500,		400,		4.23E-01,	3.09E+01,	2.36E+01,	1.94E+01
4500,		450,		4.06E-01,	3.22E+01,	2.45E+01,	2.02E+01
4500,		500,		3.92E-01,	3.34E+01,	2.54E+01,	2.09E+01
4500,		600,		3.61E-01,	3.63E+01,	2.76E+01,	2.27E+01
4500,		750,		3.22E-01,	4.06E+01,	3.09E+01,	2.54E+01
4500,		1000,		2.67E-01,	4.90E+01,	3.73E+01,	3.07E+01
10000,		1,		9.32E-03,	3.26E+03,	2.36E+03,	1.84E+03
10000,		10,		9.09E-03,	3.27E+03,	2.39E+03,	1.87E+03
10000,		50,		8.74E-03,	3.39E+03,	2.47E+03,	1.93E+03
10000,		100,		8.16E-03,	3.10E+03,	2.36E+03,	1.87E+03
10000,		150,		7.31E-03,	3.20E+03,	2.44E+03,	1.94E+03
10000,		200,		6.51E-03,	3.43E+03,	2.61E+03,	2.07E+03
10000,		250,		5.73E-03,	3.56E+03,	2.73E+03,	2.18E+03
10000,		300,		5.08E-03,	3.70E+03,	2.85E+03,	2.29E+03
10000,		350,		4.37E-03,	4.01E+03,	3.09E+03,	2.49E+03
10000,		400,		3.82E-03,	4.32E+03,	3.37E+03,	2.73E+03
10000,		450,		3.32E-03,	4.76E+03,	3.68E+03,	2.98E+03
10000,		500,		2.88E-03,	5.03E+03,	3.93E+03,	3.21E+03
10000,		600,		2.18E-03,	6.00E+03,	4.71E+03,	3.88E+03
10000,		750,		1.42E-03,	8.13E+03,	6.44E+03,	5.33E+03
10000,		1000,		7.07E-04,	1.45E+04,	1.15E+04,	9.59E+03
